              precision    recall  f1-score   support

           0       0.91      0.97      0.94        90
           1       0.58      0.13      0.21        54
           2       0.47      0.98      0.64        64
           3       0.72      0.80      0.76        66
           4       0.76      0.76      0.76        70
           5       0.45      1.00      0.62        85
           6       0.70      0.87      0.77        45
           7       0.68      0.51      0.59        76
           8       0.77      0.48      0.59        75
           9       0.92      0.77      0.84        78
          10       0.91      0.83      0.87        83
          11       0.87      0.67      0.76        82
          12       0.51      0.48      0.49       177
          13       0.68      0.58      0.63       166
          14       0.78      0.29      0.42       124
          15       0.66      0.57      0.61       173
          16       0.58      0.46      0.51       152
          17       0.38      0.95      0.55        98
          18       0.58      0.69      0.63        97
          19       0.64      0.31      0.42        97
          20       0.65      0.83      0.73       103
          21       0.85      0.89      0.87        97
          22       0.83      0.61      0.70       105
          23       0.90      0.90      0.90       105
          24       0.58      0.84      0.69        87
          25       0.43      0.36      0.39        77
          26       0.77      0.57      0.66       100
          27       1.00      0.89      0.94       105
          28       0.79      0.68      0.73        84
          29       0.56      0.95      0.71        92
          30       0.08      0.03      0.04        78
          31       0.75      0.25      0.38        83
          32       0.90      0.83      0.86        84
          33       0.58      0.64      0.61        80
          34       0.53      0.90      0.67        92
          35       0.54      0.58      0.56        77
          36       0.68      0.61      0.64        74
          37       0.66      0.93      0.77        86
          38       0.87      0.32      0.47        84
          39       0.76      0.82      0.79        84
          40       0.98      0.99      0.99       105
          41       0.79      0.69      0.73        86
          42       0.97      0.81      0.88        74
          43       0.74      0.58      0.65        74
          44       0.84      0.40      0.54        68
          45       0.52      0.81      0.63        99
          46       0.73      0.85      0.79        93

    accuracy                           0.67      4328
   macro avg       0.70      0.67      0.66      4328
weighted avg       0.70      0.67      0.66      4328
